656 5140
1 625 9
2 635 69
3 317 30
4 96 63
5 532 9
6 504 78
7 220 54
8 61 27
9 618 48
10 184 72
11 298 24
12 319 57
13 445 51
14 620 45
15 54 84
16 18 63
17 466 51
18 271 9
19 644 75
20 601 75
21 231 66
22 379 6
23 24 69
24 281 30
25 138 72
26 497 15
27 151 24
28 277 25
29 153 6
30 77 39
31 530 24
32 300 12
33 499 66
34 137 30
35 612 18
36 282 15
37 297 30
38 165 18
39 15 27
40 39 69
41 138 30
42 166 48
43 485 72
44 98 63
45 569 48
46 330 27
47 186 21
48 179 12
49 612 3
50 84 30
51 201 42
52 280 60
53 296 57
54 422 81
55 554 18
56 545 24
57 428 9
58 157 30
59 460 75
60 69 51
61 601 27
62 35 6
63 18 30
64 344 84
65 412 60
66 126 30
67 251 84
68 255 6
69 228 3
70 437 78
71 298 18
72 563 18
73 162 33
74 35 66
75 500 60
76 476 3
77 158 33
78 392 36
79 257 72
80 137 3
81 39 51
82 193 27
83 430 6
84 645 24
85 504 69
86 67 57
87 645 60
88 228 39
89 341 18
90 627 9
91 517 69
92 531 66
93 589 30
94 261 42
95 23 9
96 486 54
97 102 72
98 538 27
99 609 69
100 64 6
101 533 3
102 399 18
103 161 6
104 229 57
105 182 33
106 388 72
107 626 36
108 67 21
109 52 78
110 578 39
111 20 6
112 120 51
113 57 36
114 199 48
115 240 63
116 468 21
117 510 69
118 58 3
119 57 6
120 248 54
121 220 42
122 477 24
123 302 39
124 128 36
125 526 84
126 346 6
127 245 24
128 81 12
129 76 6
130 450 30
131 606 81
132 646 3
133 189 18
134 85 33
135 90 24
136 24 39
137 645 39
138 181 12
139 444 6
140 376 69
141 639 6
142 580 72
143 183 21
144 337 51
145 210 45
146 408 81
147 94 39
148 383 36
149 110 6
150 248 84
151 377 60
152 68 75
153 491 69
154 331 69
155 340 18
156 591 48
157 337 6
158 51 54
159 179 6
160 288 75
161 604 39
162 112 57
163 332 12
164 518 12
165 125 39
166 231 84
167 584 3
168 76 6
169 482 78
170 357 6
171 298 69
172 610 21
173 67 63
174 106 15
175 63 45
176 295 45
177 26 15
178 232 78
179 433 24
180 40 9
181 337 57
182 631 12
183 612 78
184 513 72
185 372 6
186 262 51
187 172 30
188 42 84
189 652 57
190 2 54
191 400 27
192 119 63
193 376 6
194 572 21
195 85 84
196 274 9
197 193 9
198 432 9
199 347 48
200 247 63
201 608 81
202 215 18
203 615 54
204 556 81
205 506 81
206 351 18
207 147 30
208 421 6
209 270 66
210 195 27
211 624 36
212 259 57
213 141 66
214 60 57
215 474 81
216 357 60
217 632 75
218 48 51
219 294 12
220 526 6
221 643 27
222 524 36
223 185 9
224 355 84
225 261 6
226 423 54
227 301 6
228 620 6
229 601 66
230 424 3
231 224 3
232 447 81
233 172 66
234 9 72
235 82 6
236 357 45
237 357 54
238 430 21
239 598 9
240 536 3
241 499 84
242 148 63
243 15 84
244 254 42
245 366 27
246 186 60
247 627 72
248 236 78
249 300 12
250 230 63
251 276 84
252 633 30
253 379 21
254 426 69
255 423 75
256 511 63
257 292 84
258 399 60
259 554 6
260 522 60
261 201 42
262 366 9
263 573 75
264 35 12
265 278 60
266 509 27
267 469 6
268 114 21
269 98 30
270 410 78
271 278 48
272 192 69
273 135 33
274 272 69
275 630 3
276 656 27
277 340 81
278 487 48
279 344 81
280 584 63
281 459 42
282 650 72
283 396 6
284 655 18
285 564 21
286 287 18
287 202 27
288 615 81
289 242 30
290 93 57
291 469 9
292 343 75
293 47 39
294 555 66
295 364 63
296 424 39
297 325 30
298 655 30
299 309 30
300 159 75
301 415 39
302 156 78
303 597 57
304 85 72
305 142 33
306 636 42
307 567 36
308 458 15
309 61 12
310 332 3
311 603 33
312 252 63
313 327 66
314 192 3
315 413 81
316 28 30
317 514 36
318 38 12
319 504 75
320 621 54
321 240 84
322 21 63
323 591 21
324 459 51
325 116 72
326 339 81
327 394 27
328 287 15
329 292 27
330 374 9
331 526 84
332 404 63
333 129 24
334 238 48
335 138 42
336 110 21
337 96 39
338 575 3
339 193 45
340 358 33
341 325 48
342 74 54
343 584 36
344 645 75
345 16 63
346 605 84
347 291 72
348 140 84
349 343 3
350 196 48
351 199 81
352 403 21
353 213 57
354 497 6
355 42 75
356 634 3
357 366 42
358 483 33
359 194 45
360 313 12
361 578 45
362 513 84
363 653 66
364 524 24
365 269 33
366 18 42
367 93 9
368 620 18
369 371 24
370 347 45
371 295 30
372 35 75
373 165 78
374 82 36
375 169 6
376 646 78
377 526 30
378 334 84
379 39 6
380 581 75
381 178 63
382 633 18
383 583 12
384 98 72
385 354 6
386 534 69
387 652 45
388 433 51
389 431 6
390 553 21
391 218 12
392 585 21
393 191 57
394 592 63
395 614 30
396 117 84
397 406 6
398 380 27
399 638 6
400 635 27
401 447 39
402 258 15
403 19 60
404 530 30
405 406 78
406 616 6
407 602 60
408 32 6
409 437 6
410 3 39
411 246 3
412 82 21
413 476 6
414 456 33
415 212 51
416 333 9
417 247 45
418 257 18
419 447 66
420 277 27
421 583 12
422 439 66
423 311 57
424 260 9
425 158 39
426 112 48
427 131 57
428 361 48
429 162 42
430 343 39
431 526 48
432 69 57
433 166 12
434 188 6
435 216 6
436 179 75
437 17 15
438 356 33
439 483 54
440 596 54
441 31 66
442 467 75
443 46 6
444 297 78
445 553 66
446 224 30
447 68 6
448 652 72
449 553 30
450 371 48
451 536 39
452 45 60
453 610 33
454 364 15
455 81 57
456 639 3
457 362 9
458 471 72
459 378 63
460 197 33
461 204 42
462 602 54
463 529 54
464 256 27
465 540 12
466 507 66
467 189 33
468 241 54
469 326 12
470 533 21
471 274 78
472 487 3
473 327 15
474 65 63
475 153 21
476 550 3
477 427 9
478 422 57
479 335 51
480 397 54
481 10 51
482 623 72
483 198 3
484 626 51
485 98 51
486 189 72
487 248 3
488 193 21
489 452 54
490 170 3
491 638 84
492 53 78
493 247 12
494 269 30
495 243 12
496 110 24
497 286 72
498 409 6
499 350 72
500 177 48
501 206 63
502 420 42
503 78 48
504 216 69
505 229 6
506 527 15
507 15 30
508 588 30
509 539 42
510 641 78
511 338 15
512 647 63
513 314 24
514 593 21
515 135 66
516 271 51
517 367 72
518 70 24
519 609 60
520 441 30
521 625 45
522 386 57
523 303 45
524 277 48
525 426 6
526 353 3
527 1 6
528 90 81
529 323 78
530 572 21
531 627 18
532 371 51
533 549 39
534 402 69
535 293 12
536 435 66
537 163 45
538 99 3
539 439 24
540 174 72
541 32 27
542 517 45
543 604 6
544 523 33
545 232 30
546 531 9
547 597 60
548 247 66
549 157 69
550 621 21
551 602 78
552 322 39
553 155 6
554 373 6
555 409 9
556 326 78
557 360 54
558 530 36
559 560 24
560 642 84
561 54 54
562 568 39
563 25 54
564 348 30
565 7 12
566 537 75
567 115 69
568 530 18
569 4 84
570 575 30
571 152 63
572 180 69
573 193 24
574 144 18
575 144 33
576 104 45
577 53 54
578 325 45
579 533 15
580 398 42
581 320 3
582 341 60
583 117 66
584 480 6
585 586 24
586 148 48
587 377 39
588 644 42
589 126 81
590 56 69
591 622 72
592 597 75
593 244 69
594 607 84
595 350 51
596 646 39
597 568 6
598 175 60
599 160 66
600 307 42
601 646 15
602 12 72
603 464 66
604 587 3
605 194 24
606 504 45
607 456 12
608 171 15
609 47 57
610 71 42
611 4 75
612 334 72
613 442 72
614 62 39
615 124 48
616 43 36
617 218 57
618 593 69
619 243 51
620 60 48
621 279 51
622 578 6
623 100 60
624 58 54
625 639 69
626 322 57
627 575 60
628 447 72
629 9 24
630 595 6
631 313 6
632 27 75
633 211 9
634 15 54
635 131 66
636 610 48
637 322 9
638 281 54
639 208 30
640 361 78
641 64 6
642 628 36
643 433 27
644 620 6
645 654 48
646 65 15
647 77 51
648 216 27
649 33 39
650 257 15
651 588 30
652 521 84
653 332 3
654 599 39
655 515 63
656 266 36
504 280 9
60 346 17
255 182 12
345 86 21
60 576 9
3 32 65
174 432 25
516 544 68
366 115 18
39 584 53
633 67 31
330 150 21
396 47 70
474 353 68
18 348 67
402 348 63
156 398 32
72 442 36
651 164 27
369 644 19
492 579 35
615 422 59
132 125 70
318 639 31
525 400 66
228 112 78
147 274 74
144 504 29
519 518 3
435 172 19
594 219 65
498 125 36
453 421 6
57 291 15
288 1 41
525 101 11
219 80 37
252 545 53
555 27 47
297 198 67
654 8 9
510 59 36
33 629 70
117 299 13
195 608 40
405 353 4
81 380 79
339 32 19
600 48 36
438 459 36
36 132 64
399 523 77
480 419 46
486 376 38
84 454 52
351 28 2
423 299 2
372 217 15
333 91 37
6 427 47
570 235 12
378 635 79
294 123 18
360 327 39
240 273 55
132 301 15
249 244 39
249 534 25
267 250 16
246 460 78
501 308 2
141 385 75
144 473 11
69 588 9
162 469 80
612 406 58
627 470 5
318 373 71
324 556 24
45 526 21
30 176 60
27 143 21
156 438 5
99 106 9
27 643 58
444 594 60
84 25 56
627 278 3
162 498 12
96 624 77
462 204 35
474 33 21
552 444 55
501 653 21
372 542 58
45 24 67
381 153 49
363 339 66
111 20 42
222 581 7
117 99 7
222 285 79
150 183 23
579 160 68
459 180 76
606 197 43
105 114 39
111 383 62
528 145 76
348 105 17
441 403 75
186 219 13
417 524 68
270 302 24
111 426 14
156 135 12
534 59 47
6 354 42
441 415 9
117 136 12
597 175 13
498 438 80
633 237 62
642 139 70
630 58 48
516 178 21
258 278 73
105 159 24
132 292 39
327 651 19
195 161 16
426 91 60
642 76 45
582 10 4
150 331 38
369 651 74
480 315 4
258 387 66
378 474 60
36 603 54
216 14 23
612 354 9
483 597 73
345 105 23
87 190 10
282 149 70
600 41 9
351 191 37
591 39 13
261 233 9
597 562 23
576 47 40
498 367 33
360 521 20
252 255 15
180 52 9
114 615 5
471 490 34
285 282 47
162 88 24
618 469 62
234 356 50
174 161 18
531 313 53
393 502 61
441 578 26
570 109 9
411 370 33
42 359 8
621 64 49
483 647 68
519 560 2
132 362 1
444 250 3
549 297 37
441 155 9
537 99 43
282 26 9
624 451 79
228 313 5
483 196 22
492 357 3
531 332 31
231 276 72
612 121 20
546 326 24
492 581 32
264 136 38
345 365 81
105 322 37
318 23 54
510 240 23
375 191 80
39 577 43
483 644 79
63 18 25
213 445 25
228 513 32
93 456 60
48 649 32
408 303 27
117 10 77
57 489 12
144 49 13
210 32 25
630 411 45
129 218 46
60 128 80
642 439 69
6 273 10
201 297 35
654 286 14
189 582 29
300 209 46
210 458 26
120 536 57
381 1 25
612 525 14
339 383 56
444 373 49
387 58 26
636 81 82
300 84 59
285 50 6
300 574 16
465 531 3
390 611 71
345 2 5
12 374 41
567 606 31
597 332 28
273 611 53
342 526 3
627 540 77
612 454 39
405 614 57
477 492 14
285 65 19
567 189 5
225 359 9
279 594 20
21 388 51
600 475 23
444 513 70
405 57 71
369 292 26
477 566 79
123 360 79
627 263 70
471 544 6
606 619 70
264 549 21
174 441 70
255 256 17
453 633 47
90 122 73
195 526 6
27 372 53
366 603 3
585 182 1
219 540 65
429 348 74
39 561 21
600 638 80
342 266 23
279 438 46
339 437 78
546 443 13
531 643 17
618 175 73
246 653 59
432 561 82
48 496 7
27 309 38
456 418 42
330 608 44
636 353 54
174 434 57
252 489 59
243 322 74
423 28 68
132 182 76
87 60 18
591 289 33
603 601 15
375 157 73
162 292 79
27 473 68
375 186 2
300 319 37
114 538 4
642 651 61
9 252 5
174 503 3
243 613 49
498 57 41
609 553 6
63 425 53
252 495 20
429 188 55
351 5 6
189 439 59
57 571 29
165 84 41
588 465 35
357 379 13
555 157 69
123 178 11
615 638 59
27 547 24
306 427 11
561 348 14
27 365 57
252 117 50
351 81 77
330 493 63
186 276 11
297 88 63
84 271 17
381 472 67
336 523 28
144 92 76
234 435 57
552 91 25
483 534 41
372 96 78
12 572 70
18 50 9
600 648 59
225 322 16
459 97 21
324 247 63
207 633 6
156 165 42
177 553 13
84 412 60
621 142 29
111 224 40
516 71 45
84 230 71
288 417 8
636 557 64
285 473 24
273 184 35
588 226 68
285 25 39
351 495 61
30 333 19
492 518 20
207 116 77
297 48 41
507 404 28
606 170 75
45 130 39
375 347 28
513 23 71
21 221 3
96 486 24
291 72 58
282 148 60
438 200 38
39 538 50
132 92 44
510 162 6
459 105 27
69 556 82
129 352 50
576 288 71
417 562 39
303 567 29
399 326 2
546 296 1
396 41 69
612 154 75
81 180 81
456 181 9
177 489 42
180 22 20
27 434 63
111 320 66
444 155 34
654 105 43
564 58 11
204 624 34
543 23 15
600 373 78
471 21 65
75 583 65
333 238 62
507 43 16
348 178 42
30 394 10
252 217 7
450 300 9
303 552 81
372 285 40
93 310 22
315 608 22
357 56 62
654 618 80
606 110 64
60 190 18
426 532 75
246 119 52
411 637 29
123 176 31
522 215 75
309 542 4
204 414 39
411 600 60
234 160 77
87 362 35
249 105 25
108 250 41
252 571 30
420 560 77
429 462 79
288 294 77
9 616 70
630 121 28
105 475 58
534 471 43
234 127 62
234 651 14
27 371 62
360 272 80
150 644 2
192 397 50
33 73 39
609 587 79
405 460 49
495 224 18
573 187 37
270 411 12
357 48 47
54 92 3
171 44 55
603 536 71
117 545 18
438 133 3
174 245 2
36 95 13
354 283 51
60 20 74
69 161 79
30 103 7
276 157 44
468 617 8
522 127 43
222 178 12
15 604 48
204 41 36
510 290 65
51 581 17
48 55 17
171 509 58
135 507 73
465 401 58
528 203 28
459 397 2
195 620 12
279 148 76
342 223 31
474 251 41
75 114 42
237 328 69
24 497 79
513 226 62
216 200 23
15 161 79
327 533 21
75 457 16
120 425 28
501 533 54
621 325 41
630 345 43
552 46 38
489 175 66
651 3 76
579 302 68
630 267 11
480 250 8
594 340 28
222 336 6
96 349 68
321 172 72
30 523 22
588 567 82
345 262 17
594 257 65
72 502 47
510 145 72
129 645 40
210 309 24
300 650 56
603 382 68
375 504 58
615 11 4
600 373 9
540 336 67
597 252 14
138 251 70
417 377 7
105 459 36
297 256 71
141 502 59
27 374 58
177 38 62
330 486 53
192 52 59
267 471 67
345 413 64
48 487 77
138 579 60
258 373 76
531 553 71
51 65 9
585 621 40
624 206 33
123 122 28
144 257 23
582 103 6
591 37 39
516 436 6
192 243 41
582 509 61
537 3 10
450 59 4
114 451 35
414 467 26
639 492 6
528 15 55
174 597 52
93 488 32
234 357 77
99 35 6
201 50 81
261 277 70
219 87 9
327 264 9
144 73 65
120 215 11
582 534 58
276 193 20
507 620 37
354 110 49
585 411 55
267 107 51
510 537 28
543 540 34
624 207 38
120 634 9
63 559 75
606 389 77
651 283 1
321 552 40
9 445 81
45 361 5
612 443 77
564 358 7
111 94 13
375 579 59
267 550 1
54 346 37
96 33 5
294 36 34
303 178 61
57 587 17
330 571 59
306 326 66
57 62 2
486 146 51
60 556 33
273 377 11
294 192 12
393 269 73
3 329 5
1 196 70
246 103 78
594 188 64
384 515 54
135 337 6
495 118 9
444 447 63
519 408 74
435 531 23
96 243 29
99 53 76
120 593 27
516 56 62
147 646 13
105 553 46
336 492 43
189 42 35
597 184 57
507 62 55
291 265 4
315 239 65
570 37 72
135 244 7
363 218 70
63 115 18
477 623 60
390 367 16
237 24 24
588 50 81
441 117 43
63 309 8
618 505 47
582 34 5
108 263 39
177 200 8
357 185 78
3 129 79
33 552 5
180 196 47
501 647 74
102 545 57
447 338 55
63 242 13
210 523 5
135 459 59
450 62 64
372 110 68
48 339 42
594 587 51
615 36 36
1 46 9
579 242 7
246 327 6
573 88 16
30 115 2
3 156 5
624 172 30
102 64 65
42 39 70
267 95 37
465 484 1
138 34 19
243 83 2
132 398 8
249 8 57
285 457 39
381 98 65
348 576 12
312 422 11
228 233 61
357 400 31
210 635 51
198 477 46
501 116 60
345 72 17
345 132 12
585 420 60
432 5 26
207 289 29
621 438 73
588 254 11
279 535 60
123 270 23
15 256 51
174 550 11
585 503 15
573 597 2
318 624 6
150 186 56
225 562 34
342 78 50
201 602 42
36 33 31
201 503 28
150 527 23
321 425 55
42 288 6
138 349 82
471 272 80
459 333 43
246 329 45
378 348 29
399 334 39
222 241 22
63 278 41
105 37 15
504 268 64
453 503 10
369 367 31
597 310 56
210 359 80
504 9 8
537 26 46
186 240 44
93 382 80
420 218 27
612 515 30
90 10 43
654 221 24
138 592 77
645 408 29
378 203 28
579 582 9
303 186 9
528 202 37
273 195 75
483 301 61
630 359 45
399 42 9
537 297 26
546 477 64
195 354 5
654 611 66
426 256 64
222 442 11
342 629 71
207 217 79
324 252 23
444 583 62
186 213 57
141 527 29
123 237 30
81 627 40
138 163 49
261 384 70
501 337 58
357 26 41
405 414 34
192 285 54
606 105 78
648 530 17
333 197 23
633 180 45
561 110 59
540 581 79
57 645 70
189 597 30
549 491 66
3 580 27
480 239 44
354 32 62
24 446 62
42 496 39
345 438 18
105 72 82
273 372 14
186 49 23
105 633 16
225 343 70
126 292 33
309 164 71
648 464 22
630 394 70
285 317 39
102 470 12
630 143 17
471 560 29
375 366 1
561 278 51
324 377 61
507 190 61
3 462 14
213 38 64
435 656 35
264 508 82
237 350 18
357 595 39
459 553 24
90 565 48
342 636 48
285 353 62
156 82 8
600 431 37
621 507 53
54 288 7
597 288 9
114 65 60
21 379 12
546 460 56
552 504 54
102 610 80
246 414 16
36 93 51
69 109 20
117 8 68
588 70 40
144 27 61
525 22 33
585 226 46
300 523 9
255 79 19
24 384 48
381 609 32
570 116 67
261 117 6
579 414 46
624 268 49
345 210 57
477 579 73
30 417 64
336 217 42
114 425 6
459 499 82
255 107 30
594 285 59
312 7 48
525 561 9
531 8 79
468 149 4
585 42 4
258 611 10
576 288 9
255 101 37
468 159 31
597 509 18
576 533 16
579 522 60
357 258 30
339 39 76
57 636 81
531 523 24
153 41 19
432 366 46
636 401 27
579 496 25
138 597 23
132 648 37
51 397 67
315 29 38
369 392 20
57 132 75
315 119 73
24 495 8
270 427 6
39 496 45
648 514 46
168 77 45
240 138 35
93 228 33
522 141 4
171 147 71
471 368 32
405 229 38
453 419 58
189 525 46
159 323 56
633 352 13
429 80 81
63 635 73
267 536 57
270 67 42
324 328 55
180 154 54
462 68 57
33 159 26
618 449 64
378 43 4
606 543 57
252 329 22
315 422 70
342 233 53
369 68 32
51 195 82
339 538 14
369 576 55
606 104 43
267 113 17
372 327 18
579 265 9
549 562 71
186 544 79
501 567 32
198 370 72
36 571 1
222 300 34
84 155 63
87 403 40
516 114 8
171 401 79
363 411 4
495 467 37
489 641 77
180 149 42
366 117 40
204 358 82
546 504 77
162 570 9
549 363 57
339 555 67
300 430 81
468 88 32
519 502 6
66 605 75
96 75 6
474 42 17
423 111 37
66 26 79
249 439 53
369 503 1
306 272 39
537 398 4
189 635 17
636 632 43
123 506 67
465 236 51
510 72 46
534 476 32
477 581 23
474 257 81
438 463 54
591 85 31
516 149 58
285 4 2
84 145 7
159 210 18
408 625 22
561 401 71
543 408 47
588 169 52
291 347 30
393 598 54
132 345 16
552 19 40
597 41 15
579 246 35
426 409 12
588 132 41
522 272 70
96 463 37
516 90 62
384 296 32
189 306 24
72 55 81
396 593 15
33 323 45
495 649 50
153 401 47
180 95 14
198 604 38
141 167 48
504 267 44
579 306 39
288 233 9
171 539 53
636 118 55
225 16 70
54 242 81
561 359 1
222 306 73
465 4 68
354 522 80
606 602 71
300 226 9
9 492 66
537 443 65
369 424 33
213 101 38
459 632 15
90 600 47
561 423 47
264 519 7
312 85 11
45 288 15
273 149 76
60 604 10
141 488 72
351 197 77
477 335 32
534 67 75
84 510 25
378 290 36
267 588 74
300 207 40
105 52 63
384 164 13
306 387 30
135 76 28
498 397 75
372 374 76
345 95 31
378 466 8
381 50 41
225 592 63
423 47 49
582 481 80
651 500 75
366 187 12
288 389 67
591 244 78
513 1 2
153 420 3
111 210 64
234 436 13
378 371 14
645 252 33
372 438 44
6 626 9
576 409 80
441 603 58
426 153 71
159 81 67
456 548 53
162 649 57
402 462 46
96 448 27
180 86 49
270 289 59
645 464 1
150 191 38
264 13 71
504 305 65
450 55 55
285 342 41
81 123 68
348 335 29
30 191 29
369 448 3
93 455 67
273 186 21
417 411 73
330 654 12
321 181 54
387 91 41
195 465 34
324 505 37
24 297 78
546 470 17
522 637 44
48 520 38
372 171 80
555 354 50
606 32 17
645 115 37
126 621 4
564 587 53
117 144 28
300 452 28
54 202 25
33 288 8
516 349 10
57 418 41
33 20 16
639 336 21
579 631 7
519 18 1
159 241 23
207 642 19
111 508 14
468 325 80
39 435 51
312 535 16
306 286 80
483 215 57
162 566 62
531 637 50
645 331 53
453 284 8
456 102 34
174 512 17
339 348 78
114 119 21
123 245 44
249 131 1
243 555 61
141 361 22
648 284 70
462 516 13
27 127 60
363 528 22
591 292 36
609 369 75
252 560 80
27 261 46
288 467 3
507 123 56
321 132 4
285 489 28
336 395 5
120 234 39
618 594 16
600 484 36
501 536 35
597 277 9
369 637 14
258 347 13
525 580 55
564 133 68
129 102 17
645 409 48
456 302 17
291 242 1
561 465 67
138 452 71
249 488 18
633 361 49
471 206 26
138 304 56
33 613 33
246 610 75
465 225 9
123 518 62
315 474 70
72 576 72
342 545 58
90 20 28
324 46 15
177 46 5
219 540 77
93 213 35
6 613 25
444 613 52
537 449 9
345 154 2
654 32 82
543 528 9
537 4 16
306 250 24
60 531 70
474 499 51
204 540 79
126 251 79
489 396 62
180 373 55
558 241 66
75 133 6
555 506 72
519 365 27
408 219 24
384 452 5
423 516 79
447 206 16
504 300 2
33 12 59
36 368 9
186 289 33
156 470 36
273 233 79
462 162 53
147 122 49
441 283 6
60 94 33
393 335 4
294 425 12
339 445 20
45 52 52
639 343 9
99 410 60
123 68 59
90 471 29
72 168 1
501 421 37
378 151 39
153 230 69
243 500 55
225 316 37
303 314 29
618 129 12
414 131 74
300 524 77
546 136 82
624 138 37
432 300 63
648 464 59
261 99 74
264 511 74
117 352 77
402 70 14
471 216 37
540 106 39
492 424 4
30 31 18
138 555 64
126 284 75
135 631 23
198 158 44
339 640 66
621 505 42
432 346 72
333 650 21
387 334 56
225 555 49
624 620 15
483 52 15
297 473 1
375 440 54
282 565 31
246 84 65
555 463 20
387 591 33
219 171 56
120 116 12
582 278 44
630 305 69
588 37 7
237 143 11
366 132 74
408 139 39
321 56 82
42 567 41
336 350 31
456 368 73
345 151 74
174 212 11
471 185 7
342 340 66
171 573 17
357 258 35
135 397 31
531 575 10
273 596 57
555 449 22
243 410 6
33 80 24
201 489 17
450 163 17
141 288 66
42 582 70
180 25 14
309 324 70
522 445 73
498 296 68
174 468 56
315 8 67
594 88 64
6 9 71
261 358 68
450 78 9
462 18 66
264 460 8
285 243 8
639 421 32
252 622 3
270 448 26
429 651 25
531 459 42
651 18 17
276 416 39
384 116 31
234 635 6
531 143 81
369 402 52
129 259 44
231 52 29
537 327 10
63 471 4
279 257 21
105 265 72
456 596 50
633 345 65
369 30 75
573 224 21
429 469 28
102 25 24
204 148 30
84 214 28
141 317 74
33 291 69
414 313 9
66 174 77
414 11 82
246 350 71
297 460 71
402 455 37
612 404 19
459 478 35
651 314 78
642 101 47
387 220 7
342 135 44
9 470 21
567 378 48
573 459 64
162 364 81
414 464 55
417 431 12
198 190 30
609 590 68
495 100 66
642 179 9
30 580 67
507 371 52
414 27 35
450 103 42
414 36 34
432 339 2
552 627 54
270 651 34
630 27 49
18 392 60
117 258 53
264 653 5
216 410 47
9 32 75
429 195 8
546 453 55
21 379 20
213 392 47
540 115 37
630 450 7
111 598 2
363 467 51
279 440 10
333 415 69
270 574 28
363 289 41
537 387 72
597 189 6
591 24 33
15 143 75
360 103 10
300 559 35
249 327 39
480 162 31
357 266 45
438 292 48
624 634 59
267 518 50
432 262 13
75 98 48
90 498 16
474 12 1
111 320 3
513 220 41
6 88 78
192 416 65
579 569 25
444 442 19
597 102 42
600 106 61
651 47 74
39 292 7
141 158 18
243 66 9
330 57 81
609 353 43
333 63 14
138 214 15
33 353 8
255 316 35
93 364 38
114 587 38
588 327 40
612 648 59
114 453 21
312 144 60
366 108 24
135 35 78
66 319 68
546 564 50
336 444 10
192 647 41
447 440 17
336 554 42
390 458 52
375 118 74
420 120 79
246 506 33
30 644 46
168 160 82
639 279 77
576 149 3
519 220 71
324 236 13
513 637 17
75 529 38
606 328 62
54 417 8
219 120 42
363 597 16
471 205 1
528 401 47
588 636 71
102 162 65
498 178 54
645 275 58
384 446 56
525 260 53
153 473 26
210 211 75
582 602 56
471 509 51
51 511 72
330 534 33
570 374 46
159 217 39
402 306 49
636 35 26
402 437 63
516 214 2
63 362 54
576 466 40
477 334 66
501 314 7
141 105 12
54 493 62
504 192 69
279 419 78
21 105 76
84 264 75
501 64 52
627 128 63
507 528 46
384 45 64
315 180 26
354 516 34
261 384 25
300 294 54
135 163 18
186 499 79
564 200 37
126 425 77
216 443 48
639 293 34
1 332 18
69 302 47
30 71 75
111 124 74
57 83 29
540 264 33
282 12 9
540 549 36
150 577 35
642 23 43
165 345 78
183 36 75
633 197 58
228 187 63
423 554 75
408 585 14
432 152 82
384 419 25
162 615 61
120 581 75
6 643 47
612 201 11
606 262 81
489 359 41
363 143 25
495 116 36
399 57 40
255 617 74
51 373 61
510 198 45
396 62 26
507 453 18
495 127 80
543 522 6
507 328 69
435 415 76
153 93 54
555 11 44
165 209 10
351 204 63
372 331 13
510 16 69
552 102 75
282 456 68
57 227 47
519 111 66
633 531 75
357 656 12
453 302 48
21 368 4
216 144 64
108 55 70
609 81 75
198 17 59
51 280 13
222 495 40
96 597 69
417 392 54
360 386 76
300 169 63
216 530 44
216 530 18
66 509 61
378 428 25
423 60 24
555 502 45
120 93 22
27 558 48
363 280 59
96 305 66
501 27 10
18 190 39
300 366 27
180 379 10
225 648 27
525 418 82
285 43 64
156 96 52
402 473 65
363 134 41
573 265 9
363 247 18
654 182 22
525 576 57
615 51 47
483 339 43
165 209 21
204 389 64
213 611 10
207 237 3
651 158 32
648 195 73
417 387 60
195 114 21
516 30 72
162 196 64
225 611 59
264 360 1
501 192 13
471 602 48
438 615 80
336 620 28
402 199 26
594 234 18
204 391 22
135 440 45
642 203 23
24 219 55
303 607 78
633 607 21
504 650 19
255 592 27
162 134 46
648 403 41
45 158 32
522 152 24
372 123 52
441 551 6
636 162 39
330 533 32
501 398 17
216 541 33
546 64 73
129 63 30
369 309 17
633 562 81
384 576 56
249 198 60
537 262 82
126 175 31
243 631 47
183 360 18
255 20 32
633 500 48
423 154 77
354 3 71
228 466 41
378 584 71
420 336 61
75 144 31
369 85 16
36 304 37
69 156 12
585 284 32
555 411 66
123 554 32
594 62 82
534 561 60
96 234 74
300 139 15
15 451 30
375 487 33
237 272 69
588 91 35
540 417 67
258 379 62
48 426 13
192 396 61
576 416 30
483 632 78
18 474 8
639 144 9
273 288 79
192 8 72
459 162 9
39 501 18
516 26 41
438 447 65
174 502 76
432 503 42
39 639 71
213 53 25
531 231 45
228 263 19
405 569 45
612 189 8
579 135 69
336 594 3
303 538 31
318 185 9
570 214 4
627 258 70
570 372 68
1 309 45
453 581 82
210 388 34
609 91 36
318 542 50
612 203 52
543 653 78
570 120 28
57 191 19
564 114 29
459 425 78
360 9 52
423 361 76
291 383 6
312 624 52
609 20 82
645 360 14
621 409 76
303 100 19
39 76 33
186 140 44
579 413 32
201 101 68
504 195 57
594 220 59
354 257 34
48 6 49
246 131 29
273 368 34
396 10 52
48 569 33
378 638 61
228 372 58
234 585 14
390 583 6
285 50 6
429 474 7
150 597 62
396 341 21
477 329 68
324 418 53
276 246 61
453 390 58
453 105 79
51 472 61
6 639 11
417 190 44
438 421 28
261 130 12
324 233 56
342 210 45
594 643 62
135 238 62
507 389 42
108 37 5
282 356 55
75 233 68
42 105 51
519 83 37
441 607 3
321 340 74
288 369 13
126 210 16
240 225 53
180 50 24
420 424 1
537 285 56
474 380 47
465 451 30
237 144 79
51 451 30
537 418 63
579 511 3
552 404 4
351 151 41
609 41 28
51 597 80
105 561 65
357 500 1
603 364 67
456 585 36
51 554 81
435 158 65
456 266 6
507 133 82
372 633 14
273 424 69
609 541 39
102 364 33
504 547 62
468 387 35
510 2 29
549 601 6
429 309 42
651 360 59
324 58 38
555 593 61
165 429 4
603 38 46
570 257 37
312 208 51
375 622 33
558 291 28
66 365 45
351 637 30
324 598 75
135 348 30
273 558 28
111 631 74
54 554 58
612 454 21
366 535 45
372 647 68
306 393 46
387 79 13
546 153 19
384 442 7
21 570 52
471 153 69
606 95 53
216 61 13
120 389 22
501 598 57
255 76 70
156 508 40
423 244 7
591 521 7
606 296 38
651 531 38
69 532 13
534 222 22
348 168 6
588 244 13
375 170 80
96 120 42
312 478 18
336 528 48
432 279 41
195 486 17
264 458 57
87 21 12
285 384 56
441 528 22
279 127 30
396 175 29
321 558 24
621 441 49
348 70 9
390 610 32
450 367 54
402 63 41
210 472 20
159 244 29
18 634 79
423 517 51
138 301 54
402 656 43
552 138 25
183 387 57
45 515 23
444 23 20
516 542 16
117 614 7
270 65 22
456 514 44
96 454 81
543 514 44
207 386 61
105 164 75
75 403 57
471 66 67
57 229 66
30 199 18
561 184 41
432 608 35
123 631 5
522 1 59
300 455 70
624 19 58
141 437 50
597 67 3
291 276 62
348 473 39
207 293 7
231 20 65
327 473 49
432 156 23
144 178 38
420 311 48
30 8 31
48 446 31
114 493 74
420 447 61
264 651 2
630 237 47
522 179 47
651 548 42
501 120 28
417 279 33
36 170 41
471 375 46
450 213 60
408 111 77
165 103 9
630 547 45
435 512 44
15 342 22
297 202 42
1 47 26
231 466 7
333 427 46
126 357 75
279 13 11
42 67 66
348 48 49
120 253 27
537 500 17
561 262 2
45 427 60
519 141 70
12 509 64
123 113 78
654 506 25
321 486 23
336 211 22
651 146 49
60 418 59
435 206 46
42 85 64
570 626 48
621 134 69
228 424 74
633 332 75
198 18 30
606 358 54
489 501 78
528 624 57
165 322 54
57 323 74
504 421 53
561 149 12
585 257 56
231 205 67
276 244 66
450 287 73
312 281 20
198 375 16
351 63 50
348 8 73
429 548 73
624 421 33
591 281 34
111 79 3
540 570 39
12 163 64
351 266 81
612 477 64
213 136 77
192 509 35
546 278 41
474 599 61
540 410 39
180 528 12
165 566 44
591 393 32
630 228 16
528 348 26
426 585 74
210 128 16
288 89 29
525 249 12
240 626 42
504 608 48
42 249 82
594 17 74
210 448 3
243 85 34
216 166 40
306 576 14
363 162 65
345 567 32
459 537 39
375 222 58
54 87 17
162 527 39
18 366 18
504 371 31
123 118 63
114 219 63
447 43 6
9 230 7
459 271 71
414 107 31
54 498 41
168 134 55
30 277 31
378 359 78
576 98 53
150 22 13
60 395 44
636 277 13
15 370 7
486 135 5
537 200 37
501 192 30
225 25 24
471 328 64
342 624 15
117 1 61
339 276 81
426 567 79
495 130 79
390 189 51
627 568 18
540 285 20
222 51 6
390 655 24
534 349 61
510 23 55
252 369 69
6 162 38
384 579 71
474 76 1
405 625 34
648 335 17
363 405 59
636 515 74
213 33 35
417 247 22
621 580 33
39 96 33
375 401 34
591 239 25
639 118 56
78 290 21
462 167 68
21 615 60
66 391 34
387 442 8
552 116 56
177 611 66
261 116 77
312 206 18
162 275 55
609 303 1
414 107 26
429 87 54
162 252 17
405 343 39
312 263 77
291 277 54
429 545 75
402 596 46
642 551 34
297 628 34
537 21 7
555 523 6
492 385 58
309 16 19
453 291 9
447 328 11
534 532 18
21 215 57
3 512 39
555 263 26
414 25 15
189 436 9
267 58 44
558 179 62
18 283 14
309 124 45
549 544 14
144 351 82
498 407 75
147 552 32
621 46 69
615 83 48
321 285 73
171 287 19
117 548 3
624 52 19
405 312 38
567 15 34
396 63 19
123 527 3
351 53 2
384 460 19
444 364 32
198 242 27
324 492 44
96 279 2
9 82 62
351 621 48
264 102 79
99 270 51
432 67 55
333 615 62
90 86 7
180 429 5
516 234 36
63 629 70
135 642 29
276 603 71
318 214 82
333 392 34
300 446 2
102 638 9
78 591 28
300 646 53
264 296 43
393 630 56
222 355 47
408 542 49
279 375 17
396 67 77
408 39 74
135 340 82
318 312 47
303 642 3
33 329 10
555 452 76
279 115 6
543 545 50
54 453 18
459 553 24
306 318 20
516 110 13
582 187 54
600 296 15
480 471 41
393 259 16
237 473 1
147 490 64
114 132 82
45 284 28
318 615 32
582 457 22
189 147 41
561 163 58
48 68 2
387 511 38
186 624 68
96 415 14
246 28 2
216 523 56
78 38 12
12 176 65
237 445 7
201 14 15
276 493 54
321 606 34
129 501 18
570 165 36
156 100 72
438 564 9
519 458 1
252 334 11
156 303 23
330 331 23
642 269 60
24 292 32
63 528 28
192 518 47
237 223 59
408 413 42
105 268 70
24 103 80
165 297 51
147 498 24
339 541 82
93 524 74
555 465 5
474 608 35
24 191 54
78 219 38
48 166 47
351 443 32
54 411 27
63 190 39
351 77 37
564 93 37
153 519 64
9 347 54
654 395 25
330 311 4
15 221 24
498 188 79
132 481 7
147 489 20
408 470 13
123 50 67
540 239 16
207 138 2
87 594 78
195 464 68
384 192 65
342 489 78
561 410 21
309 515 13
87 25 27
603 176 76
87 488 81
645 185 51
42 216 48
225 554 46
3 273 30
168 362 34
435 240 49
213 549 75
159 276 61
528 341 2
216 622 51
417 526 30
360 597 6
309 568 73
186 180 12
270 90 42
273 145 68
171 531 49
258 387 57
216 384 53
168 77 15
270 476 2
51 20 26
165 633 50
612 56 43
504 82 59
522 543 38
627 275 9
525 19 79
531 32 52
129 93 73
345 198 14
531 119 40
237 250 6
534 114 11
240 156 56
327 241 69
357 308 79
135 375 20
528 195 28
423 96 19
621 460 52
543 338 44
426 356 52
114 128 54
138 276 82
480 182 56
321 280 27
249 313 74
222 88 42
99 458 18
474 546 52
219 204 9
87 179 62
171 471 71
150 314 44
96 168 59
456 273 5
303 414 52
297 53 36
318 29 65
561 5 77
471 71 68
150 6 68
357 57 42
651 576 10
60 433 34
546 158 73
417 346 14
645 209 59
366 350 32
156 630 4
300 634 40
339 451 71
552 656 68
39 412 52
582 425 82
318 413 78
219 314 66
546 301 35
456 309 70
378 363 12
483 332 19
300 218 40
270 494 55
396 197 51
537 195 64
228 360 56
102 16 36
339 383 54
411 619 28
636 385 6
624 161 57
48 432 8
576 625 21
318 655 1
333 443 41
186 61 61
231 521 3
624 369 51
225 283 31
246 550 13
267 313 33
354 210 53
147 642 53
534 355 26
159 110 80
375 364 77
24 646 16
45 36 47
333 143 56
336 526 75
633 456 66
291 55 13
108 445 62
225 397 82
225 316 33
516 340 2
189 170 10
171 650 40
579 82 44
150 78 54
360 479 52
291 174 69
228 45 21
117 650 46
486 537 40
504 493 53
390 189 81
504 86 67
573 396 36
189 439 6
33 281 49
585 620 57
582 319 22
237 93 59
510 393 63
594 123 65
432 375 59
588 572 38
12 582 17
174 416 17
435 15 71
423 63 40
522 223 30
195 346 65
564 429 76
570 235 29
303 169 52
186 161 36
519 246 14
408 647 68
330 523 4
546 632 32
450 517 47
144 612 24
570 319 6
330 79 18
336 278 44
501 263 42
615 135 57
411 285 10
129 57 15
597 211 30
549 45 14
558 611 79
342 481 53
63 419 71
42 649 52
474 375 8
492 511 6
600 429 29
477 58 10
87 96 24
324 23 30
375 258 62
51 478 8
570 107 46
579 304 48
654 138 41
354 86 36
546 456 26
429 517 4
417 328 63
318 299 70
1 226 76
180 615 74
75 168 9
105 123 26
180 638 78
609 438 78
585 382 76
549 546 77
426 176 74
579 237 2
504 622 4
15 346 41
216 394 73
474 66 57
27 2 45
303 504 49
312 519 40
213 155 9
645 640 19
630 32 21
153 176 60
300 321 4
33 3 8
603 133 24
186 631 42
612 513 36
228 260 1
543 358 2
636 360 14
42 77 18
315 655 56
180 141 4
654 213 82
627 633 5
75 376 10
141 9 5
483 140 75
156 293 13
315 624 20
468 551 5
15 289 61
384 301 57
69 136 54
489 210 9
537 115 20
252 399 6
582 234 51
213 76 8
570 347 55
366 486 56
213 536 72
12 339 10
582 281 7
267 618 54
474 82 19
219 380 69
183 400 60
321 288 4
348 413 48
543 121 76
315 91 14
582 610 32
462 139 10
90 487 31
234 138 32
327 476 57
645 53 67
486 566 34
186 19 33
132 273 33
390 437 49
348 114 40
540 317 58
30 101 33
450 320 22
480 200 81
369 163 71
387 398 27
405 27 39
315 155 79
351 567 19
30 542 76
219 356 42
498 101 65
600 122 9
21 280 50
342 296 58
303 48 52
495 97 36
516 627 52
363 599 81
357 301 38
138 177 49
123 547 52
114 183 30
501 357 68
228 215 78
204 62 17
168 517 56
423 74 57
384 16 80
318 398 58
654 568 21
243 470 50
324 212 59
531 342 10
609 268 79
510 38 59
141 231 62
414 475 43
204 461 35
621 119 40
318 518 16
585 589 9
348 654 37
246 320 44
435 60 34
75 452 28
159 53 4
309 304 16
309 228 66
579 163 28
300 318 1
93 294 33
411 418 69
651 127 14
483 300 39
540 545 41
612 475 17
60 479 41
546 23 8
177 39 23
453 455 40
387 217 73
1 374 60
486 183 77
273 278 64
18 463 27
156 543 35
561 15 67
354 383 64
171 74 68
225 136 47
30 18 19
81 240 57
270 441 72
228 450 5
84 128 30
309 606 81
408 212 17
138 534 36
303 397 43
81 334 39
525 13 78
528 574 5
51 254 25
57 575 70
501 153 35
591 174 41
636 613 73
462 554 61
192 200 79
339 16 19
246 533 78
24 124 76
393 55 31
618 290 43
54 655 14
303 49 46
114 256 5
615 337 40
168 273 24
525 612 22
93 322 20
315 637 70
195 519 65
474 590 5
66 233 74
57 550 61
636 319 5
651 229 8
570 478 21
231 463 58
174 315 25
102 1 66
300 307 10
213 651 11
147 276 66
636 30 17
297 515 13
24 195 41
15 330 49
444 440 2
81 307 65
636 410 72
144 598 37
66 368 59
192 301 38
420 82 17
126 53 20
513 158 2
36 218 68
399 279 23
237 296 25
117 279 81
537 279 28
426 188 53
282 653 21
132 373 15
90 305 23
54 633 47
627 314 54
648 54 27
324 261 13
585 17 9
468 378 30
372 67 33
330 496 69
147 555 60
93 21 22
327 62 43
588 600 4
138 363 36
579 614 39
402 130 27
603 113 12
618 588 6
237 194 36
243 304 79
357 85 39
48 437 9
603 446 51
591 93 81
198 42 79
570 31 11
279 143 65
132 427 35
501 159 30
3 472 25
270 158 47
594 371 71
558 193 5
276 286 70
33 292 44
273 475 67
228 598 45
582 521 46
621 491 8
543 481 35
591 172 54
561 572 59
222 501 48
540 414 61
210 292 29
57 602 22
246 55 77
195 130 52
45 473 36
177 123 24
627 594 59
60 449 50
360 197 75
219 277 6
639 575 30
60 69 9
60 530 73
621 349 39
15 215 75
144 496 74
204 583 42
489 401 3
249 325 3
438 221 77
564 10 23
81 4 68
75 216 55
45 600 17
60 244 1
165 561 16
42 202 55
129 162 48
210 472 5
378 178 62
24 419 36
540 351 4
261 539 72
168 318 36
528 363 51
96 641 41
384 37 49
462 464 4
174 294 6
177 627 8
468 482 31
303 480 12
492 45 6
123 653 65
66 119 48
126 458 82
537 49 48
378 140 54
78 570 45
27 67 6
204 120 1
60 2 4
429 507 38
285 347 61
429 650 46
108 341 48
162 544 25
393 51 25
327 583 49
99 13 20
93 200 2
420 318 80
528 15 4
534 477 3
249 30 65
18 219 40
297 45 60
213 530 20
120 346 67
75 465 9
561 644 33
270 530 40
504 32 78
219 409 22
42 392 50
351 328 5
210 512 39
147 366 82
90 620 81
579 602 76
159 639 9
177 291 25
414 315 50
606 87 19
483 352 31
165 466 53
354 503 55
495 577 38
174 151 25
639 585 2
585 535 80
153 97 23
543 641 62
186 281 65
603 127 47
234 418 11
369 18 82
357 338 8
507 443 35
333 298 11
6 416 25
588 359 69
516 115 43
360 308 61
321 157 62
339 630 33
72 449 9
255 647 32
141 422 48
285 146 26
414 440 67
363 423 22
495 649 67
513 196 78
48 40 53
261 137 43
573 447 9
135 327 33
219 474 52
54 110 40
132 593 70
183 422 21
129 608 42
147 614 59
357 407 18
96 546 5
123 505 82
276 296 5
51 596 25
192 510 9
66 513 66
336 205 15
99 1 39
630 409 44
186 317 48
294 549 8
642 571 4
27 319 6
240 41 67
66 47 17
432 107 57
420 276 7
36 276 2
75 146 50
6 520 65
636 44 81
414 231 3
540 197 78
234 236 22
552 368 70
99 46 61
165 555 66
438 610 75
228 562 27
75 652 63
381 395 16
432 559 16
270 186 54
165 590 67
543 101 32
330 162 2
9 334 72
195 418 37
624 238 53
648 143 61
255 254 45
201 391 18
294 578 60
555 75 52
171 547 14
603 482 56
519 320 15
150 370 60
240 174 79
459 432 49
159 522 33
558 134 49
465 85 61
213 563 41
318 539 5
243 615 62
450 118 72
141 614 75
123 296 32
135 381 54
417 205 76
216 474 57
270 126 27
573 607 62
9 25 27
471 171 77
468 406 40
360 649 68
153 237 17
390 374 7
363 204 31
348 432 81
654 130 25
546 547 72
654 120 14
585 534 57
99 428 5
30 43 2
213 450 77
51 431 36
537 131 72
567 124 47
579 449 60
198 62 19
513 333 56
105 479 43
45 8 59
318 647 63
441 610 9
60 389 73
195 620 30
372 143 22
6 164 23
621 248 36
117 95 8
225 327 13
375 263 52
246 263 48
150 251 73
45 545 55
480 41 41
564 432 74
384 454 39
120 95 11
486 428 20
375 529 19
453 585 34
246 400 44
465 596 65
297 298 50
162 497 48
408 305 43
138 538 31
6 538 36
378 510 66
624 433 78
237 194 26
462 353 69
18 394 11
273 222 73
165 564 66
591 369 75
183 586 6
618 2 69
528 205 36
570 416 54
333 128 57
123 5 54
435 383 76
492 636 68
309 448 73
264 620 14
48 21 22
51 315 70
192 217 30
324 184 49
540 541 2
429 150 36
582 559 52
153 218 75
27 13 12
630 28 74
648 56 58
357 302 11
198 95 43
219 557 24
546 185 52
645 373 21
405 123 68
636 324 64
33 621 76
267 272 56
108 169 24
477 89 25
36 246 37
510 503 22
426 143 58
231 505 50
414 313 77
552 379 34
360 273 60
603 62 20
159 488 10
537 167 51
219 591 69
177 363 42
408 455 47
519 75 46
234 423 9
129 574 44
369 342 60
141 594 32
351 158 71
444 599 70
396 48 36
414 210 66
624 410 56
63 502 70
465 136 57
18 159 10
330 499 51
441 369 15
177 215 58
267 556 39
531 586 74
444 275 5
216 148 58
234 560 11
294 621 50
525 310 28
117 526 9
306 72 9
618 418 13
534 39 48
210 108 45
33 139 82
108 403 66
573 187 38
249 322 72
591 596 18
642 471 29
252 153 80
249 102 11
441 1 42
618 88 79
378 174 29
57 557 20
156 272 76
609 31 49
591 138 76
150 454 45
27 414 82
624 276 53
153 515 62
126 493 26
384 439 26
525 538 23
159 597 73
33 176 29
648 649 76
54 485 15
633 525 63
102 277 72
402 348 48
321 147 33
144 320 48
276 413 63
363 230 18
216 62 76
204 262 6
171 423 43
480 85 59
552 204 39
318 622 64
408 625 78
582 100 66
357 598 24
540 36 25
438 237 17
360 645 82
561 414 26
270 613 68
177 444 67
381 502 17
60 178 80
279 246 24
627 563 70
111 203 44
285 28 30
156 602 7
288 422 15
378 646 10
264 69 73
429 423 10
633 492 79
534 356 63
237 415 3
312 567 24
318 437 41
633 73 72
21 536 16
342 363 6
234 523 43
255 428 22
177 457 73
576 250 69
582 65 54
183 177 34
180 26 64
33 579 28
558 347 18
51 534 78
126 292 46
480 513 80
474 26 23
87 258 74
192 446 2
201 535 46
213 507 35
399 178 77
501 255 25
201 220 67
462 352 81
312 552 14
276 285 65
186 176 25
111 635 40
267 40 48
483 114 55
399 136 4
123 646 53
87 202 74
111 461 53
156 568 38
576 524 63
99 82 34
42 409 12
3 375 62
150 476 27
117 415 75
468 44 3
72 61 2
507 402 27
615 497 34
624 562 51
15 336 74
411 555 66
183 418 6
126 53 37
372 629 73
474 169 69
36 297 19
81 503 20
375 229 8
243 15 48
237 428 65
246 498 53
135 288 69
57 150 72
654 139 21
111 297 27
297 577 62
189 653 32
243 366 14
477 86 7
591 8 25
603 23 22
3 145 67
615 51 73
153 58 51
546 91 33
246 155 30
285 620 65
195 325 54
42 147 33
24 515 73
474 398 56
201 181 32
576 469 22
453 433 25
279 492 60
42 447 22
603 527 9
156 349 59
474 470 1
207 191 2
384 392 42
168 516 35
636 529 54
159 438 23
66 551 8
144 591 47
87 201 2
138 221 77
93 192 33
99 189 51
99 334 17
546 332 27
303 65 23
501 132 4
48 535 81
498 365 21
510 357 58
402 107 12
525 457 16
477 421 23
417 586 58
594 547 59
135 260 13
450 24 27
129 295 45
315 440 55
516 302 11
558 525 14
588 440 40
387 546 42
78 477 63
213 551 77
255 50 76
411 622 73
132 88 30
618 390 76
516 329 7
384 597 80
117 567 80
600 628 53
198 304 56
210 478 66
645 206 76
591 588 9
78 233 75
483 10 27
546 540 61
231 367 30
120 621 67
51 13 28
249 243 43
279 263 23
504 229 47
219 597 73
498 638 34
582 599 43
27 646 39
57 384 6
303 164 45
534 202 53
69 58 2
303 421 39
597 378 54
447 474 60
45 145 11
507 607 17
198 655 9
27 83 29
195 109 78
6 400 71
306 291 14
600 17 71
99 517 62
276 630 70
447 31 3
504 621 36
285 212 2
9 631 50
27 249 44
267 390 5
609 156 41
123 234 43
147 404 51
279 379 29
186 348 74
573 557 51
258 366 80
612 642 78
258 3 56
165 85 56
600 651 6
606 521 50
519 450 11
111 209 29
303 592 3
348 8 25
60 137 34
378 396 41
585 474 47
387 605 78
18 278 6
30 259 51
156 23 50
486 173 64
9 265 66
225 39 78
282 1 24
126 518 27
123 42 17
519 299 58
294 221 1
570 451 74
423 109 6
495 221 66
558 2 47
135 36 31
264 64 21
420 236 7
150 500 25
183 519 21
315 468 58
192 14 45
639 571 14
480 206 78
204 249 6
225 283 15
360 129 21
297 549 69
447 322 4
84 33 25
339 306 45
372 309 4
1 101 46
507 164 48
426 318 25
327 171 36
183 222 79
1 224 62
495 133 70
6 419 47
486 490 24
375 17 13
39 173 71
273 11 80
645 117 32
477 364 29
366 29 65
456 118 77
225 292 25
150 462 27
270 190 2
294 8 24
357 601 55
486 610 15
168 592 76
156 435 62
342 228 65
408 90 9
150 474 13
90 309 4
459 85 18
555 655 34
153 54 59
447 418 45
171 44 73
318 615 33
306 389 48
417 274 51
516 273 34
261 448 7
9 403 4
513 139 60
255 111 42
453 179 60
282 227 49
585 536 58
90 624 79
648 640 20
576 52 70
585 277 40
384 78 15
252 567 27
384 55 42
213 238 37
582 19 59
645 585 1
477 117 79
600 67 40
72 384 50
141 404 41
375 575 82
483 476 32
414 618 74
612 393 8
642 13 78
408 516 17
396 518 63
612 346 26
489 479 67
129 314 36
654 549 14
156 503 76
51 144 54
414 232 26
495 65 60
381 468 70
1 163 34
96 558 19
120 471 27
12 148 8
6 59 46
465 654 15
186 166 74
366 213 21
462 372 32
243 590 13
435 303 69
375 247 48
423 5 4
597 72 17
294 351 30
195 9 64
183 262 24
57 208 55
12 350 56
282 378 23
126 120 68
651 144 32
327 629 5
255 290 11
528 367 75
543 442 37
267 328 55
69 367 39
57 299 71
573 180 43
456 300 20
162 365 9
636 608 9
174 489 15
546 181 73
384 237 75
192 654 2
195 161 48
147 245 48
186 200 60
159 544 41
408 386 82
285 85 81
21 369 81
99 225 77
324 66 77
150 80 26
294 330 63
102 113 71
642 78 3
567 177 66
51 49 53
651 108 65
351 524 9
519 399 79
12 486 64
576 269 15
321 186 61
195 70 39
186 137 58
624 581 26
528 15 42
306 244 26
6 268 81
276 373 3
393 185 28
531 366 14
354 532 6
558 484 5
351 420 71
51 481 44
390 277 64
372 536 51
528 113 33
342 89 17
387 471 43
528 10 74
636 250 26
420 255 48
306 84 79
24 553 41
567 568 51
39 427 32
327 156 68
90 41 11
171 143 68
642 327 31
93 50 13
441 24 47
549 396 13
615 196 53
249 442 22
237 592 36
249 261 43
381 49 23
357 213 67
114 555 54
585 507 67
456 535 38
606 405 11
435 56 58
642 132 37
585 20 45
198 238 15
78 410 54
450 324 62
567 311 72
627 317 68
132 520 78
342 125 66
525 31 65
474 62 17
183 473 81
156 290 76
81 197 63
6 132 79
576 436 6
42 483 68
444 610 53
132 454 26
42 478 67
369 232 21
567 91 7
366 469 61
174 355 73
288 428 14
195 411 22
33 185 67
477 281 16
423 411 15
21 597 73
279 539 31
327 243 55
30 647 37
69 546 70
210 387 34
429 476 8
597 481 67
57 365 33
444 78 52
510 583 48
486 431 42
300 264 18
24 603 73
267 361 71
6 361 58
444 333 17
336 64 80
297 138 16
465 291 56
576 483 40
612 462 80
267 4 59
477 429 7
567 505 21
522 181 8
459 227 6
72 393 9
42 1 56
318 592 11
216 432 21
432 361 60
312 329 2
270 614 10
645 22 32
462 22 77
354 627 38
408 512 46
444 455 71
624 83 32
456 76 2
60 329 56
171 140 27
114 461 16
651 444 54
129 271 82
108 395 7
540 60 58
462 325 40
456 100 60
159 480 68
552 652 48
315 629 22
540 541 25
144 540 62
129 160 30
651 120 31
519 387 68
516 297 31
84 490 33
462 341 77
243 256 8
342 12 75
384 608 67
285 501 70
69 554 66
9 204 63
510 521 61
420 558 34
507 164 74
567 441 2
228 12 19
453 204 41
246 482 61
327 556 19
108 308 32
438 3 12
213 588 30
306 501 37
543 514 58
57 316 21
390 100 26
363 248 3
246 323 34
513 144 63
108 103 22
21 432 69
42 574 82
528 457 60
204 137 27
243 78 13
78 103 32
270 279 23
297 515 68
327 276 67
276 30 71
141 158 57
159 440 31
108 175 81
18 54 51
348 271 9
273 468 29
240 93 9
384 559 69
639 528 42
231 478 71
63 242 33
360 432 44
585 13 36
639 112 15
459 388 15
612 323 26
108 503 51
606 331 58
129 56 75
240 524 27
558 447 36
156 18 19
603 152 21
75 415 9
267 338 11
111 234 22
465 568 67
375 547 52
192 389 72
411 31 44
444 576 37
483 545 47
1 120 59
441 600 30
246 559 54
255 648 67
390 140 56
15 341 9
330 571 58
321 142 31
378 573 6
402 540 20
51 126 46
324 593 9
123 299 9
447 641 33
276 48 57
456 156 36
555 422 57
654 25 58
264 474 22
513 179 35
174 559 31
309 101 75
33 77 18
387 560 39
24 84 32
498 36 82
279 61 70
537 277 9
39 156 59
492 572 65
99 262 44
15 6 40
6 168 5
435 449 13
426 401 24
246 252 13
507 301 13
96 155 67
534 440 28
45 408 65
372 607 35
339 228 19
243 278 38
21 226 79
468 41 68
198 509 21
129 163 22
603 216 82
585 474 31
465 472 79
1 400 82
375 547 4
645 292 72
1 338 45
339 245 77
369 641 76
375 442 3
141 651 38
384 653 77
99 86 61
372 234 29
12 137 4
156 157 58
231 469 79
159 76 4
225 623 28
54 234 53
639 307 28
297 460 3
120 260 45
171 19 65
456 160 39
186 109 9
612 570 39
252 410 53
546 8 29
348 303 65
93 566 72
90 6 28
630 432 23
141 24 39
93 430 2
489 467 38
438 469 53
141 557 82
30 443 34
501 567 15
96 231 9
255 91 64
414 431 61
393 422 19
630 128 27
561 443 23
207 84 42
108 238 4
408 204 62
453 611 16
108 188 17
534 105 78
651 211 14
549 425 74
357 269 81
537 64 9
435 148 19
372 83 61
96 338 60
39 405 70
276 137 20
66 315 19
309 239 46
327 136 47
354 485 33
321 494 57
156 465 33
561 43 48
111 150 65
147 623 32
15 146 56
36 112 39
630 33 14
489 549 2
366 39 58
204 495 42
189 549 40
453 545 47
654 627 41
417 361 25
63 53 42
234 347 33
474 428 75
213 299 64
219 322 5
222 295 64
105 151 79
321 457 55
249 217 49
177 465 12
369 150 55
207 195 70
84 111 8
96 156 67
420 497 35
510 296 69
108 32 20
33 14 78
324 265 60
417 391 69
333 412 53
27 451 40
372 504 36
501 43 27
342 194 21
549 42 33
468 295 35
21 266 10
78 638 27
612 628 76
159 269 3
6 100 28
558 584 46
3 5 42
258 31 69
93 458 21
627 298 30
444 364 82
15 266 70
294 424 4
114 188 6
492 588 9
183 336 35
24 229 22
96 417 80
300 74 32
129 8 7
573 47 2
387 610 67
654 210 25
573 15 74
486 317 50
183 531 3
369 11 5
90 549 53
279 591 24
393 645 24
315 42 29
120 199 30
258 18 55
195 298 25
78 315 77
285 596 10
294 60 78
87 268 62
102 459 46
537 275 21
258 23 80
567 536 28
207 31 16
561 452 33
57 288 19
456 230 17
78 467 15
489 162 36
210 505 82
549 470 9
177 512 34
567 456 56
273 294 56
324 290 25
207 108 47
435 557 63
399 240 29
546 275 17
462 35 36
258 82 57
615 636 45
504 604 70
654 139 70
633 373 57
594 432 66
642 267 18
564 116 73
111 230 71
231 382 71
339 58 50
57 41 1
93 278 78
360 16 35
138 611 50
399 76 71
9 499 3
636 152 23
291 328 48
165 360 64
282 295 9
534 628 37
33 549 34
417 76 60
45 503 6
135 376 66
24 651 20
240 506 26
465 349 48
30 189 22
141 558 10
87 418 41
306 382 61
468 347 76
132 512 34
72 541 59
534 532 30
186 165 73
102 22 57
471 521 37
573 251 75
528 330 62
600 284 39
549 579 42
612 62 24
510 569 45
468 523 55
609 320 33
222 582 68
405 277 4
342 36 66
51 550 44
267 652 77
579 191 28
45 483 29
201 9 23
534 513 15
201 389 3
291 335 81
537 227 51
438 288 4
579 242 50
273 655 2
462 250 26
360 55 2
468 423 67
411 536 32
264 135 27
3 199 54
372 243 65
12 436 58
537 23 16
597 371 40
405 105 58
396 624 8
648 112 81
570 303 69
447 296 14
288 107 31
414 32 63
153 235 76
156 614 5
213 131 69
588 60 51
447 176 46
369 647 20
480 29 71
390 310 15
390 520 38
534 177 73
642 306 76
525 308 65
99 579 41
525 648 42
33 333 59
255 37 58
33 563 44
318 407 66
636 627 80
183 304 33
57 365 13
183 421 61
483 150 30
510 534 27
246 190 46
171 383 79
624 165 23
168 15 54
216 110 59
474 206 50
549 280 15
507 426 32
564 255 57
168 455 73
465 427 8
588 130 40
258 92 3
186 88 73
564 186 13
45 426 9
132 4 44
117 146 5
267 655 16
540 276 50
108 142 13
513 298 24
168 441 3
30 297 64
549 535 26
336 564 22
159 52 59
411 328 68
492 79 54
327 195 17
255 451 14
399 379 34
447 513 35
309 431 70
84 34 82
519 252 13
195 435 81
495 575 22
477 230 43
345 629 29
591 170 65
174 471 9
51 647 53
18 240 82
222 555 68
630 158 28
537 564 55
474 156 75
9 307 43
351 238 12
111 635 72
516 593 22
423 115 49
621 568 80
357 506 34
276 551 52
558 584 23
99 532 51
102 618 22
72 105 11
507 355 73
516 72 46
621 400 11
381 331 26
453 277 8
147 46 1
336 81 82
204 591 20
174 506 59
273 347 34
480 134 67
486 248 47
123 425 43
81 334 28
120 615 68
429 270 26
354 31 29
357 579 19
150 480 47
84 340 29
156 531 12
384 393 65
441 597 24
579 83 56
405 508 69
375 197 28
207 448 64
93 82 44
321 240 17
120 514 48
174 166 73
591 404 52
507 300 35
33 143 58
99 105 71
468 390 36
624 185 24
360 439 52
18 629 49
651 636 8
552 144 16
165 553 17
204 126 81
345 556 27
129 417 72
474 278 17
579 628 49
432 561 42
456 143 58
636 430 80
489 650 71
582 106 3
90 163 14
252 116 56
267 586 4
405 476 7
102 261 15
138 374 76
381 304 26
141 621 49
45 203 39
153 121 76
204 260 13
270 109 59
42 265 22
525 356 6
81 573 52
138 94 11
456 14 74
195 284 51
621 3 42
75 519 7
33 321 42
465 357 7
582 175 72
330 582 41
345 463 66
231 38 18
552 17 4
204 168 60
315 569 68
240 310 63
336 401 68
225 123 41
555 459 37
60 381 38
123 431 52
399 428 63
432 442 70
516 308 36
585 193 4
546 91 9
234 32 39
615 558 36
414 219 32
384 225 31
21 540 57
324 365 15
267 486 78
261 275 78
156 461 10
33 605 78
561 7 55
474 173 72
513 320 23
135 353 23
549 18 5
576 364 77
348 483 26
528 353 81
135 560 72
651 575 43
174 327 12
66 335 50
477 177 14
372 101 80
363 243 48
498 256 30
264 312 56
72 652 52
144 395 63
324 379 18
435 316 18
276 427 71
300 43 51
399 592 42
501 588 54
429 29 10
114 345 23
507 245 47
147 329 48
654 178 6
273 515 68
399 421 24
540 415 32
171 91 44
648 360 9
609 178 2
174 541 28
516 359 21
453 445 35
498 646 38
201 284 52
396 134 45
552 438 39
534 635 45
510 4 36
78 352 69
15 390 15
45 499 35
252 225 17
75 168 44
18 115 24
423 609 63
651 645 31
453 134 19
471 632 31
438 619 3
21 100 9
309 323 16
267 211 55
87 652 55
114 262 7
585 86 49
234 149 60
279 197 34
555 413 32
189 38 17
378 622 5
294 114 10
309 302 38
564 27 58
252 577 75
288 405 30
456 131 65
621 286 43
408 446 43
258 232 82
510 115 67
552 8 23
246 282 45
471 369 3
363 514 24
258 300 41
558 318 67
372 37 78
138 173 15
474 540 2
204 298 55
384 219 65
588 217 33
27 184 39
654 169 72
168 538 43
582 30 24
639 512 24
282 471 72
453 611 9
261 410 24
108 586 6
192 444 70
315 82 67
204 322 35
33 29 14
579 495 16
51 622 49
618 644 11
441 119 10
474 206 9
249 418 12
36 389 60
423 56 4
654 442 56
282 312 36
168 60 69
558 397 78
99 336 54
339 469 24
570 71 14
396 354 79
78 24 79
33 543 23
84 121 7
573 339 35
654 494 25
126 468 48
561 492 1
102 103 67
423 9 45
9 502 55
501 134 19
6 140 46
303 408 37
357 302 71
213 515 71
333 189 4
474 546 27
21 284 15
399 426 52
3 121 73
549 384 16
462 153 22
591 633 65
552 489 22
354 121 34
36 621 21
147 374 22
216 583 47
153 629 9
246 632 46
294 653 57
642 515 82
129 338 65
546 202 15
54 656 78
60 69 79
195 583 57
264 521 79
501 118 16
447 326 19
318 243 1
180 646 68
21 568 55
138 418 62
69 378 44
654 479 82
510 95 18
291 276 72
633 186 31
177 606 28
105 184 5
273 337 46
492 172 39
222 292 29
609 79 34
105 155 40
471 589 45
387 648 32
60 472 26
486 161 22
153 180 15
180 20 26
486 129 74
156 343 5
33 557 47
279 567 37
555 514 23
15 369 24
321 362 42
45 482 42
336 27 30
474 346 70
324 477 71
402 445 77
189 290 69
264 436 9
390 462 13
489 492 32
600 300 14
342 228 21
309 38 75
30 13 13
51 380 44
453 648 73
423 480 17
75 425 41
210 12 53
543 315 29
135 591 1
576 220 57
396 29 24
459 23 14
618 536 30
255 304 51
156 451 53
435 484 39
330 328 64
570 347 60
603 142 63
234 67 55
180 286 24
303 432 10
615 234 14
621 584 38
621 400 74
528 116 35
18 325 74
642 20 26
561 547 12
213 391 72
99 482 53
141 18 7
549 363 7
411 315 68
243 10 22
642 396 11
474 526 34
90 31 23
570 488 46
423 553 68
72 231 81
75 101 57
294 417 51
444 490 57
597 549 34
66 134 13
258 368 19
195 462 80
69 26 48
198 537 37
492 88 32
522 397 42
540 150 82
129 626 17
132 429 7
225 409 9
525 406 40
645 313 67
486 43 55
87 207 2
30 17 74
297 525 47
321 290 53
171 320 79
558 121 16
291 567 39
438 107 38
534 512 77
459 25 27
411 484 78
165 613 68
231 398 17
144 533 76
381 303 66
402 321 67
468 1 57
135 542 40
501 651 55
588 653 41
447 220 40
231 606 1
177 226 24
312 402 61
111 266 61
90 278 13
582 147 60
84 634 74
93 167 27
231 492 81
525 34 82
138 479 38
129 91 53
582 67 62
201 135 79
63 182 44
198 32 61
543 163 73
267 639 24
618 616 51
627 606 77
204 35 45
552 547 31
330 482 74
330 638 62
603 345 71
474 249 9
294 213 60
354 116 69
114 425 3
462 257 8
396 286 60
186 178 44
369 655 39
318 347 73
135 46 22
138 205 47
162 116 49
609 223 9
21 206 72
300 466 35
231 511 5
618 563 59
387 199 78
243 131 33
258 200 46
405 40 61
249 99 22
417 250 59
288 4 74
222 341 32
639 77 77
144 499 32
453 15 44
117 314 40
633 243 10
108 509 73
546 589 33
57 49 51
90 291 26
39 10 11
27 419 19
177 31 9
492 50 12
303 294 30
180 587 12
486 523 69
258 176 20
114 267 33
513 543 31
150 532 56
627 84 81
279 10 31
15 489 39
3 179 37
381 373 48
417 596 65
108 573 62
381 608 35
294 631 34
276 361 47
609 489 80
60 295 9
153 291 19
351 508 31
39 267 13
618 207 64
48 97 9
39 628 50
438 514 71
504 375 18
456 223 14
342 133 35
129 274 53
375 130 3
561 528 54
132 570 39
285 50 79
288 186 66
285 575 49
552 91 70
366 624 21
318 19 16
99 542 20
276 550 59
258 273 9
72 636 81
72 548 37
543 242 11
495 558 79
237 535 66
411 168 81
309 226 7
588 316 53
516 374 6
168 183 77
504 379 4
315 430 10
477 72 36
135 327 43
339 310 27
552 350 41
246 653 80
525 467 11
486 556 39
96 641 21
561 385 34
198 574 38
567 136 36
456 391 79
501 57 6
519 345 49
492 501 42
150 328 35
252 399 73
381 433 9
3 497 14
633 569 15
588 593 38
525 337 6
153 417 63
222 306 59
189 127 53
540 592 11
135 250 37
597 199 7
267 516 82
435 625 16
405 508 9
297 332 37
636 51 9
150 109 48
246 254 59
603 654 50
606 464 57
144 576 46
192 494 79
120 607 68
9 234 73
408 124 18
303 637 64
519 624 74
498 605 75
174 61 61
282 26 58
186 400 32
144 401 75
654 541 39
243 492 31
87 625 12
249 303 20
645 79 59
303 212 55
324 372 70
111 271 66
168 332 4
138 126 35
297 48 41
561 282 40
456 209 35
474 63 82
39 513 46
261 210 73
468 300 2
468 479 69
129 115 16
270 608 2
516 79 61
30 504 82
243 256 66
648 417 25
288 263 34
573 128 73
459 308 36
27 358 39
309 524 62
126 226 56
597 617 49
564 553 45
225 293 36
192 89 34
186 359 30
279 334 33
372 275 18
207 490 20
183 184 77
15 275 60
327 623 42
306 588 62
639 635 73
576 487 33
417 96 76
57 336 31
312 295 79
564 475 69
276 211 17
201 484 66
189 130 7
6 514 42
471 103 63
1 415 25
504 140 63
372 217 6
621 62 48
594 551 82
315 297 4
597 290 60
495 473 44
84 651 19
84 529 36
264 208 31
192 512 8
237 293 12
60 202 9
288 348 72
9 85 13
297 328 78
618 567 16
597 153 31
342 32 40
477 158 57
474 18 72
363 133 71
9 327 13
480 42 69
543 212 77
630 39 51
612 427 32
33 210 39
168 228 14
420 109 29
12 312 6
354 206 76
72 366 11
540 408 66
603 363 71
411 450 32
591 19 36
498 559 11
423 187 29
639 655 27